#General
Name: Spectrum
Artist: Zedd
Mode: Runner
Difficulty: 10

BPM: 130
SongLength: 400
LeadIn: 1.2
BeatsPerMeasure: 4
AppearanceTime: 2

#GameElements
175, Good, 10, 1
677.5, Good, 10, 4
677.5, Bad, 10, 7
677.5, Bad, 10, 1
658, Good, 10, 5
453, Good, 10, 4
285, Good, 10, 5
674.5, Good, 10, 4
674.5, Bad, 10, 7
674.5, Bad, 10, 1
356, Good, 10, 7
356, Bad, 10, 2
356, Bad, 10, 3
356, Bad, 10, 6
127, Good, 10, 5
50.5, Good, 10, 4
50.5, Bad, 10, 6
592.5, Good, 10, 2
592.5, Bad, 10, 7
592.5, Bad, 10, 8
592.5, Bad, 10, 9
609.5, Bad, 10, 5
609.5, Bad, 10, 7
609.5, Bad, 10, 9
609.5, Bad, 10, 3
609.5, Bad, 10, 1
487, Good, 10, 5
487, Bad, 10, 1
487, Bad, 10, 3
707.5, Bad, 10, 7
724, Good, 10, 5
724, Bad, 10, 8
258, Good, 10, 5
503.5, Good, 10, 2
503.5, Bad, 10, 1
503.5, Bad, 10, 3
740.5, Bad, 10, 1
389, Good, 10, 9
389, Bad, 10, 1
389, Bad, 10, 2
389, Bad, 10, 3
757, Good, 10, 5
757, Bad, 10, 2
395, Good, 10, 2
395, Bad, 10, 7
395, Bad, 10, 8
395, Bad, 10, 9
765.25, Good, 10, 5
528, Good, 10, 4
208, Good, 10, 4
78, Good, 10, 8
78, Bad, 10, 9
405.5, Bad, 10, 6
405.5, Bad, 10, 3
544.5, Good, 10, 9
4, Good, 10, 5
4, Bad, 10, 8
4, Bad, 10, 2
4, Bad, 10, 4
4, Bad, 10, 6
291, Good, 10, 8
561, Good, 10, 7
561, Bad, 10, 1
561, Bad, 10, 2
561, Bad, 10, 3
49.5, Good, 10, 4
49.5, Bad, 10, 6
173, Good, 10, 4
422, Good, 10, 9
577.5, Good, 10, 6
577.5, Bad, 10, 7
577.5, Bad, 10, 4
577.5, Bad, 10, 1
307.5, Good, 10, 5
594, Good, 10, 9
594, Bad, 10, 4
594, Bad, 10, 1
594, Bad, 10, 2
148, Good, 10, 4
438.5, Good, 10, 8
610.5, Bad, 10, 5
610.5, Bad, 10, 7
610.5, Bad, 10, 9
610.5, Bad, 10, 3
610.5, Bad, 10, 1
324, Good, 10, 3
324, Bad, 10, 7
119, Good, 10, 9
627, Good, 10, 5
635.25, Good, 10, 5
635.25, Bad, 10, 4
635.25, Bad, 10, 6
455, Good, 10, 8
723.5, Bad, 10, 9
738.5, Bad, 10, 9
660, Good, 10, 5
241, Good, 10, 5
241, Bad, 10, 2
241, Bad, 10, 8
676.5, Good, 10, 4
676.5, Bad, 10, 7
676.5, Bad, 10, 1
357, Good, 10, 8
357, Bad, 10, 1
357, Bad, 10, 2
357, Bad, 10, 3
693, Good, 10, 5
488, Good, 10, 5
488, Bad, 10, 1
488, Bad, 10, 3
192, Good, 10, 4
70, Good, 10, 8
70, Bad, 10, 9
513.5, Bad, 10, 7
726, Good, 10, 5
726, Bad, 10, 2
259, Good, 10, 5
504.5, Good, 10, 2
504.5, Bad, 10, 1
504.5, Bad, 10, 3
742.5, Bad, 10, 3
750.75, Good, 10, 8
143, Good, 10, 1
759, Good, 10, 5
530, Good, 10, 3
208.5, Good, 10, 1
406.5, Bad, 10, 3
406.5, Bad, 10, 2
292, Good, 10, 5
111, Good, 10, 1
563, Good, 10, 6
563, Bad, 10, 7
563, Bad, 10, 4
563, Bad, 10, 1
423, Good, 10, 8
579.5, Good, 10, 2
579.5, Bad, 10, 7
579.5, Bad, 10, 8
579.5, Bad, 10, 9
308.5, Good, 10, 5
596, Good, 10, 1
596, Bad, 10, 8
596, Bad, 10, 9
596, Bad, 10, 6
225, Good, 10, 5
225, Bad, 10, 1
225, Bad, 10, 2
225, Bad, 10, 3
225, Bad, 10, 4
225, Bad, 10, 6
225, Bad, 10, 7
225, Bad, 10, 8
225, Bad, 10, 9
439.5, Good, 10, 4
612.5, Bad, 10, 5
612.5, Bad, 10, 7
612.5, Bad, 10, 9
612.5, Bad, 10, 3
612.5, Bad, 10, 1
325, Good, 10, 2
325, Bad, 10, 8
629, Good, 10, 5
637.25, Good, 10, 5
637.25, Bad, 10, 4
637.25, Bad, 10, 6
456, Good, 10, 9
176, Good, 10, 2
63, Good, 10, 7
63, Bad, 10, 8
25, Good, 10, 5
662, Good, 10, 5
678.5, Good, 10, 2
678.5, Bad, 10, 1
678.5, Bad, 10, 3
358, Good, 10, 5
695, Good, 10, 5
489, Good, 10, 5
489, Bad, 10, 1
489, Bad, 10, 3
711.5, Bad, 10, 1
728, Good, 10, 5
728, Bad, 10, 8
260, Good, 10, 5
103, Good, 10, 5
103, Bad, 10, 2
103, Bad, 10, 4
103, Bad, 10, 6
103, Bad, 10, 8
505.5, Good, 10, 2
505.5, Bad, 10, 1
505.5, Bad, 10, 3
744.5, Bad, 10, 7
391, Good, 10, 5
515.5, Good, 10, 2
515.5, Bad, 10, 1
761, Good, 10, 5
532, Good, 10, 9
209, Good, 10, 2
407.5, Bad, 10, 2
407.5, Bad, 10, 1
183, Good, 10, 2
293, Good, 10, 5
565, Good, 10, 4
565, Bad, 10, 8
565, Bad, 10, 7
565, Bad, 10, 9
159, Good, 10, 5
424, Good, 10, 7
581.5, Good, 10, 8
581.5, Bad, 10, 3
581.5, Bad, 10, 2
581.5, Bad, 10, 1
59, Good, 10, 5
23, Good, 10, 5
598, Good, 10, 9
598, Bad, 10, 1
598, Bad, 10, 4
598, Bad, 10, 2
440.5, Good, 10, 2
614.5, Bad, 10, 5
614.5, Bad, 10, 7
614.5, Bad, 10, 9
614.5, Bad, 10, 3
614.5, Bad, 10, 1
729.5, Bad, 10, 3
326, Good, 10, 5
631, Good, 10, 5
631, Bad, 10, 7
631, Bad, 10, 3
457, Good, 10, 6
176.5, Good, 10, 3
601.5, Good, 10, 8
601.5, Bad, 10, 1
601.5, Bad, 10, 2
601.5, Bad, 10, 3
664, Good, 10, 5
242, Good, 10, 5
242, Bad, 10, 1
242, Bad, 10, 9
95, Good, 10, 5
95, Bad, 10, 8
680.5, Good, 10, 2
680.5, Bad, 10, 1
680.5, Bad, 10, 3
359, Good, 10, 2
359, Bad, 10, 7
359, Bad, 10, 8
359, Bad, 10, 9
697, Good, 10, 5
490, Good, 10, 5
490, Bad, 10, 1
490, Bad, 10, 3
193, Good, 10, 8
730, Good, 10, 5
730, Bad, 10, 6
261, Good, 10, 5
506.5, Good, 10, 6
506.5, Bad, 10, 9
506.5, Bad, 10, 3
746.5, Bad, 10, 3
754.75, Good, 10, 2
144, Good, 10, 2
763, Good, 10, 5
21, Good, 10, 5
3, Good, 10, 5
3, Bad, 10, 2
3, Bad, 10, 8
3, Bad, 10, 4
3, Bad, 10, 6
408.5, Bad, 10, 1
408.5, Bad, 10, 4
294, Good, 10, 2
567, Good, 10, 2
567, Bad, 10, 7
567, Bad, 10, 8
567, Bad, 10, 9
425, Good, 10, 4
160.5, Good, 10, 7
310.5, Good, 10, 5
600, Good, 10, 5
600, Bad, 10, 7
600, Bad, 10, 9
600, Bad, 10, 3
600, Bad, 10, 1
226, Good, 10, 5
226, Bad, 10, 1
226, Bad, 10, 3
226, Bad, 10, 7
226, Bad, 10, 9
87, Good, 10, 9
87, Bad, 10, 8
441.5, Good, 10, 6
616.5, Bad, 10, 5
616.5, Bad, 10, 7
616.5, Bad, 10, 9
616.5, Bad, 10, 3
616.5, Bad, 10, 1
327, Good, 10, 8
327, Bad, 10, 2
633, Good, 10, 5
633, Bad, 10, 7
633, Bad, 10, 3
106, Good, 10, 5
106, Bad, 10, 1
106, Bad, 10, 3
106, Bad, 10, 7
106, Bad, 10, 9
458, Good, 10, 3
649.5, Good, 10, 6
649.5, Bad, 10, 4
54.5, Good, 10, 2
54.5, Bad, 10, 8
666, Good, 10, 5
682.5, Good, 10, 6
682.5, Bad, 10, 9
682.5, Bad, 10, 3
360, Good, 10, 1
360, Bad, 10, 8
360, Bad, 10, 9
360, Bad, 10, 6
128, Good, 10, 2
51, Good, 10, 5
19, Good, 10, 5
491, Good, 10, 5
491, Bad, 10, 9
491, Bad, 10, 3
715.5, Bad, 10, 9
732, Good, 10, 5
732, Bad, 10, 4
262, Good, 10, 5
507.5, Good, 10, 6
507.5, Bad, 10, 9
507.5, Bad, 10, 3
748.5, Bad, 10, 7
756.75, Good, 10, 6
519.5, Bad, 10, 8
765, Good, 10, 5
536, Good, 10, 1
210, Good, 10, 3
79, Good, 10, 9
79, Bad, 10, 8
409.5, Bad, 10, 4
409.5, Bad, 10, 7
552.5, Good, 10, 8
295, Good, 10, 2
569, Good, 10, 5
569, Bad, 10, 7
569, Bad, 10, 4
569, Bad, 10, 1
426, Good, 10, 1
585.5, Good, 10, 4
585.5, Bad, 10, 9
585.5, Bad, 10, 6
585.5, Bad, 10, 3
311.5, Good, 10, 5
602, Good, 10, 5
602, Bad, 10, 7
602, Bad, 10, 9
602, Bad, 10, 3
602, Bad, 10, 1
442.5, Good, 10, 8
618.5, Bad, 10, 5
618.5, Bad, 10, 7
618.5, Bad, 10, 9
618.5, Bad, 10, 3
618.5, Bad, 10, 1
48, Good, 10, 5
328, Good, 10, 9
328, Bad, 10, 1
120, Good, 10, 6
635, Good, 10, 5
635, Bad, 10, 7
635, Bad, 10, 3
17, Good, 10, 5
459, Good, 10, 3
651.5, Good, 10, 2
651.5, Bad, 10, 8
668, Good, 10, 5
243, Good, 10, 5
243, Bad, 10, 1
243, Bad, 10, 9
684.5, Good, 10, 6
684.5, Bad, 10, 9
684.5, Bad, 10, 3
361, Good, 10, 4
361, Bad, 10, 9
361, Bad, 10, 6
361, Bad, 10, 3
701, Good, 10, 5
492, Good, 10, 5
492, Bad, 10, 9
492, Bad, 10, 3
194, Good, 10, 9
71, Good, 10, 7
71, Bad, 10, 8
734, Good, 10, 5
734, Bad, 10, 6
263, Good, 10, 5
206, Good, 10, 5
508.5, Good, 10, 6
508.5, Bad, 10, 9
508.5, Bad, 10, 3
750.5, Bad, 10, 3
394, Good, 10, 3
394, Bad, 10, 7
394, Bad, 10, 8
394, Bad, 10, 9
521.5, Bad, 10, 1
538, Good, 10, 3
410.5, Bad, 10, 7
410.5, Bad, 10, 8
296, Good, 10, 3
112, Good, 10, 4
43, Good, 10, 5
427, Good, 10, 1
587.5, Good, 10, 2
587.5, Bad, 10, 7
587.5, Bad, 10, 8
587.5, Bad, 10, 9
681, Good, 10, 5
312.5, Good, 10, 5
604, Good, 10, 5
604, Bad, 10, 7
604, Bad, 10, 9
604, Bad, 10, 3
604, Bad, 10, 1
227, Good, 10, 5
227, Bad, 10, 1
227, Bad, 10, 3
227, Bad, 10, 7
227, Bad, 10, 9
443.5, Good, 10, 4
593.5, Good, 10, 6
593.5, Bad, 10, 7
593.5, Bad, 10, 4
593.5, Bad, 10, 1
329, Good, 10, 6
329, Bad, 10, 4
637, Good, 10, 5
637, Bad, 10, 7
637, Bad, 10, 3
460, Good, 10, 3
653.5, Good, 10, 2
653.5, Bad, 10, 8
670, Good, 10, 5
670, Bad, 10, 9
670, Bad, 10, 8
670, Bad, 10, 7
670, Bad, 10, 4
670, Bad, 10, 1
670, Bad, 10, 2
670, Bad, 10, 3
670, Bad, 10, 6
764.25, Good, 10, 5
686.5, Good, 10, 8
686.5, Bad, 10, 9
686.5, Bad, 10, 7
362, Good, 10, 5
129, Good, 10, 1
703, Good, 10, 8
703, Bad, 10, 2
555, Good, 10, 5
555, Bad, 10, 7
555, Bad, 10, 9
555, Bad, 10, 3
555, Bad, 10, 1
493, Good, 10, 5
493, Bad, 10, 9
493, Bad, 10, 3
719.5, Bad, 10, 1
736, Good, 10, 5
736, Bad, 10, 4
264, Good, 10, 5
104, Good, 10, 5
104, Bad, 10, 2
104, Bad, 10, 4
104, Bad, 10, 6
104, Bad, 10, 8
39, Good, 10, 5
752.5, Bad, 10, 7
760.75, Good, 10, 5
523.5, Bad, 10, 3
540, Good, 10, 9
211, Good, 10, 6
411.5, Bad, 10, 8
297, Good, 10, 3
690, Good, 10, 5
305.25, Good, 10, 5
428, Good, 10, 1
589.5, Good, 10, 6
589.5, Bad, 10, 7
589.5, Bad, 10, 4
589.5, Bad, 10, 1
59.5, Good, 10, 6
59.5, Bad, 10, 4
313.5, Good, 10, 5
606, Good, 10, 5
606, Bad, 10, 7
606, Bad, 10, 9
606, Bad, 10, 3
606, Bad, 10, 1
444.5, Good, 10, 2
622.5, Good, 10, 8
622.5, Bad, 10, 2
330, Good, 10, 5
639, Good, 10, 7
639, Bad, 10, 3
496, Good, 10, 5
496, Bad, 10, 7
496, Bad, 10, 9
461, Good, 10, 3
655.5, Good, 10, 4
655.5, Bad, 10, 6
672, Good, 10, 5
244, Good, 10, 5
244, Bad, 10, 1
244, Bad, 10, 9
96, Good, 10, 5
96, Bad, 10, 1
96, Bad, 10, 2
96, Bad, 10, 3
96, Bad, 10, 4
96, Bad, 10, 6
96, Bad, 10, 7
96, Bad, 10, 8
96, Bad, 10, 9
35, Good, 10, 5
688.5, Good, 10, 8
688.5, Bad, 10, 9
688.5, Bad, 10, 7
363, Good, 10, 6
363, Bad, 10, 7
363, Bad, 10, 4
363, Bad, 10, 1
705, Good, 10, 2
705, Bad, 10, 8
494, Good, 10, 5
494, Bad, 10, 9
494, Bad, 10, 3
195, Good, 10, 6
66, Good, 10, 2
66, Bad, 10, 1
738, Good, 10, 5
738, Bad, 10, 6
265, Good, 10, 5
510.5, Good, 10, 5
510.5, Bad, 10, 9
510.5, Bad, 10, 3
510.5, Bad, 10, 7
510.5, Bad, 10, 1
754.5, Bad, 10, 9
396, Good, 10, 2
396, Bad, 10, 7
396, Bad, 10, 8
396, Bad, 10, 9
146, Good, 10, 8
55.5, Good, 10, 2
55.5, Bad, 10, 8
542, Good, 10, 5
699, Good, 10, 5
298, Good, 10, 6
575, Good, 10, 7
575, Bad, 10, 3
575, Bad, 10, 2
575, Bad, 10, 6
306.25, Good, 10, 5
429, Good, 10, 1
591.5, Good, 10, 4
591.5, Bad, 10, 9
591.5, Bad, 10, 6
591.5, Bad, 10, 3
645.5, Good, 10, 6
645.5, Bad, 10, 4
228, Good, 10, 5
228, Bad, 10, 1
228, Bad, 10, 3
228, Bad, 10, 7
228, Bad, 10, 9
88, Good, 10, 6
88, Bad, 10, 9
445.5, Good, 10, 6
624.5, Good, 10, 2
624.5, Bad, 10, 8
632.75, Good, 10, 5
632.75, Bad, 10, 8
632.75, Bad, 10, 2
641, Good, 10, 7
641, Bad, 10, 3
462, Good, 10, 5
179, Good, 10, 8
674, Good, 10, 5
478.5, Good, 10, 8
478.5, Bad, 10, 7
478.5, Bad, 10, 9
690.5, Good, 10, 4
690.5, Bad, 10, 7
690.5, Bad, 10, 1
364, Good, 10, 9
364, Bad, 10, 4
364, Bad, 10, 1
364, Bad, 10, 2
130, Good, 10, 4
707, Good, 10, 6
707, Bad, 10, 4
495, Good, 10, 5
495, Bad, 10, 7
495, Bad, 10, 9
195.5, Good, 10, 5
740, Good, 10, 5
740, Bad, 10, 4
266, Good, 10, 5
511.5, Good, 10, 5
511.5, Bad, 10, 7
511.5, Bad, 10, 9
511.5, Bad, 10, 3
511.5, Bad, 10, 1
756.5, Bad, 10, 1
764.75, Good, 10, 5
527.5, Bad, 10, 7
544, Good, 10, 8
544, Bad, 10, 2
544, Bad, 10, 1
544, Bad, 10, 3
212, Good, 10, 9
80, Good, 10, 6
80, Bad, 10, 9
11.5, Bad, 10, 7
11.5, Bad, 10, 8
11.5, Bad, 10, 6
11.5, Bad, 10, 9
11.5, Bad, 10, 3
11.5, Bad, 10, 2
11.5, Bad, 10, 1
11.5, Bad, 10, 4
299, Good, 10, 6
620.5, Bad, 10, 5
620.5, Bad, 10, 7
620.5, Bad, 10, 9
620.5, Bad, 10, 3
620.5, Bad, 10, 1
577, Good, 10, 3
577, Bad, 10, 7
577, Bad, 10, 8
577, Bad, 10, 4
537.5, Bad, 10, 2
307.25, Good, 10, 5
430, Good, 10, 5
163, Good, 10, 6
610, Good, 10, 5
610, Bad, 10, 8
610, Bad, 10, 4
610, Bad, 10, 2
610, Bad, 10, 6
626.5, Good, 10, 8
626.5, Bad, 10, 2
634.75, Good, 10, 5
634.75, Bad, 10, 8
634.75, Bad, 10, 2
121, Good, 10, 3
47.5, Good, 10, 8
47.5, Bad, 10, 2
463, Good, 10, 8
659.5, Good, 10, 2
659.5, Bad, 10, 8
676, Good, 10, 5
245, Good, 10, 5
245, Bad, 10, 1
245, Bad, 10, 9
479.5, Good, 10, 8
479.5, Bad, 10, 7
479.5, Bad, 10, 9
692.5, Good, 10, 4
692.5, Bad, 10, 7
692.5, Bad, 10, 1
365, Good, 10, 8
365, Bad, 10, 1
365, Bad, 10, 2
365, Bad, 10, 3
709, Good, 10, 4
709, Bad, 10, 6
2, Good, 10, 5
2, Bad, 10, 8
2, Bad, 10, 2
2, Bad, 10, 4
2, Bad, 10, 6
725.5, Bad, 10, 1
72, Good, 10, 4
72, Bad, 10, 7
10.5, Bad, 10, 7
10.5, Bad, 10, 8
10.5, Bad, 10, 9
10.5, Bad, 10, 6
10.5, Bad, 10, 3
10.5, Bad, 10, 2
10.5, Bad, 10, 1
10.5, Bad, 10, 4
742, Good, 10, 5
742, Bad, 10, 6
267, Good, 10, 5
513, Good, 10, 7
513, Bad, 10, 8
758.5, Good, 10, 5
398, Good, 10, 2
398, Bad, 10, 7
398, Bad, 10, 8
398, Bad, 10, 9
147, Good, 10, 7
546, Good, 10, 2
546, Bad, 10, 7
546, Bad, 10, 4
546, Bad, 10, 1
300, Good, 10, 5
113, Good, 10, 7
579, Good, 10, 5
579, Bad, 10, 9
579, Bad, 10, 7
579, Bad, 10, 1
579, Bad, 10, 3
308.25, Good, 10, 5
431, Good, 10, 8
163.5, Good, 10, 3
509.5, Good, 10, 6
509.5, Bad, 10, 9
509.5, Bad, 10, 3
102, Good, 10, 5
102, Bad, 10, 2
102, Bad, 10, 4
102, Bad, 10, 6
102, Bad, 10, 8
612, Good, 10, 5
612, Bad, 10, 4
612, Bad, 10, 8
612, Bad, 10, 6
612, Bad, 10, 2
229, Good, 10, 5
229, Bad, 10, 1
229, Bad, 10, 3
229, Bad, 10, 7
229, Bad, 10, 9
628.5, Good, 10, 2
628.5, Bad, 10, 8
636.75, Good, 10, 5
636.75, Bad, 10, 8
636.75, Bad, 10, 2
645, Good, 10, 3
645, Bad, 10, 7
464, Good, 10, 5
661.5, Good, 10, 2
661.5, Bad, 10, 8
64, Good, 10, 4
64, Bad, 10, 7
9.5, Bad, 10, 7
9.5, Bad, 10, 9
9.5, Bad, 10, 3
9.5, Bad, 10, 1
678, Good, 10, 5
480.5, Good, 10, 8
480.5, Bad, 10, 7
480.5, Bad, 10, 9
694.5, Good, 10, 2
694.5, Bad, 10, 1
694.5, Bad, 10, 3
366, Good, 10, 5
131, Good, 10, 7
711, Good, 10, 8
711, Bad, 10, 2
497, Good, 10, 5
497, Bad, 10, 7
497, Bad, 10, 9
727.5, Bad, 10, 7
49, Good, 10, 5
743.5, Bad, 10, 1
744, Good, 10, 5
744, Bad, 10, 4
268, Good, 10, 5
105, Good, 10, 5
105, Bad, 10, 1
105, Bad, 10, 3
105, Bad, 10, 7
105, Bad, 10, 9
515, Good, 10, 1
760.5, Good, 10, 5
399, Good, 10, 5
531.5, Bad, 10, 6
548, Good, 10, 1
548, Bad, 10, 7
548, Bad, 10, 8
548, Bad, 10, 9
213, Good, 10, 8
51.5, Good, 10, 4
51.5, Bad, 10, 6
301, Good, 10, 5
581, Good, 10, 7
581, Bad, 10, 3
581, Bad, 10, 6
581, Bad, 10, 2
309.25, Good, 10, 5
3.5, Bad, 10, 8
3.5, Bad, 10, 2
3.5, Bad, 10, 4
3.5, Bad, 10, 6
164, Good, 10, 2
60, Good, 10, 5
8.5, Bad, 10, 7
8.5, Bad, 10, 9
8.5, Bad, 10, 3
8.5, Bad, 10, 1
614, Good, 10, 5
614, Bad, 10, 8
614, Bad, 10, 4
614, Bad, 10, 2
614, Bad, 10, 6
461.5, Good, 10, 2
630.5, Good, 10, 5
630.5, Bad, 10, 9
630.5, Bad, 10, 1
334, Good, 10, 5
647, Good, 10, 9
647, Bad, 10, 1
465, Good, 10, 4
663.5, Good, 10, 4
663.5, Bad, 10, 6
680, Good, 10, 5
246, Good, 10, 5
246, Bad, 10, 3
246, Bad, 10, 7
97, Good, 10, 5
97, Bad, 10, 1
97, Bad, 10, 2
97, Bad, 10, 3
97, Bad, 10, 4
97, Bad, 10, 6
97, Bad, 10, 7
97, Bad, 10, 8
97, Bad, 10, 9
481.5, Good, 10, 8
481.5, Bad, 10, 7
481.5, Bad, 10, 9
696.5, Good, 10, 2
696.5, Bad, 10, 1
696.5, Bad, 10, 3
758.75, Good, 10, 5
367, Good, 10, 4
367, Bad, 10, 9
367, Bad, 10, 6
367, Bad, 10, 3
713, Good, 10, 2
713, Bad, 10, 8
498, Good, 10, 5
498, Bad, 10, 7
498, Bad, 10, 9
197, Good, 10, 1
172, Good, 10, 7
717.5, Bad, 10, 1
746, Good, 10, 5
746, Bad, 10, 6
269, Good, 10, 5
517, Good, 10, 6
517, Bad, 10, 3
762.5, Good, 10, 5
400, Good, 10, 4
533.5, Bad, 10, 8
56, Good, 10, 5
550, Good, 10, 4
550, Bad, 10, 9
550, Bad, 10, 6
550, Bad, 10, 3
302, Good, 10, 5
583, Good, 10, 3
583, Bad, 10, 7
583, Bad, 10, 8
583, Bad, 10, 4
310.25, Good, 10, 5
433, Good, 10, 4
599.5, Good, 10, 2
599.5, Bad, 10, 7
599.5, Bad, 10, 8
599.5, Bad, 10, 9
192.5, Good, 10, 7
230, Good, 10, 5
230, Bad, 10, 2
230, Bad, 10, 4
230, Bad, 10, 6
230, Bad, 10, 8
89, Good, 10, 3
89, Bad, 10, 6
632.5, Good, 10, 5
632.5, Bad, 10, 1
632.5, Bad, 10, 9
335, Good, 10, 6
335, Bad, 10, 4
649, Good, 10, 9
649, Bad, 10, 1
466, Good, 10, 5
665.5, Good, 10, 4
665.5, Bad, 10, 6
682, Good, 10, 5
482.5, Good, 10, 4
482.5, Bad, 10, 7
482.5, Bad, 10, 1
698.5, Good, 10, 6
698.5, Bad, 10, 9
698.5, Bad, 10, 3
54, Good, 10, 5
368, Good, 10, 7
368, Bad, 10, 6
368, Bad, 10, 3
368, Bad, 10, 2
132, Good, 10, 8
715, Good, 10, 4
715, Bad, 10, 6
499, Good, 10, 5
499, Bad, 10, 7
499, Bad, 10, 1
731.5, Bad, 10, 7
384.5, Good, 10, 5
748, Good, 10, 5
748, Bad, 10, 4
270, Good, 10, 5
621.5, Bad, 10, 5
621.5, Bad, 10, 7
621.5, Bad, 10, 9
621.5, Bad, 10, 3
621.5, Bad, 10, 1
519, Good, 10, 8
764.5, Good, 10, 5
401, Good, 10, 8
401, Bad, 10, 4
401, Bad, 10, 7
535.5, Bad, 10, 4
534, Good, 10, 7
552, Good, 10, 7
552, Bad, 10, 3
552, Bad, 10, 2
552, Bad, 10, 1
214, Good, 10, 7
81, Good, 10, 3
81, Bad, 10, 6
568.5, Good, 10, 6
303, Good, 10, 5
689.5, Good, 10, 8
689.5, Bad, 10, 9
689.5, Bad, 10, 7
585, Good, 10, 7
585, Bad, 10, 2
585, Bad, 10, 3
585, Bad, 10, 6
311.25, Good, 10, 5
434, Good, 10, 5
165, Good, 10, 1
618, Good, 10, 5
618, Bad, 10, 4
618, Bad, 10, 8
618, Bad, 10, 2
618, Bad, 10, 6
634.5, Good, 10, 5
634.5, Bad, 10, 1
634.5, Bad, 10, 9
336, Good, 10, 9
336, Bad, 10, 1
122, Good, 10, 2
651, Good, 10, 1
651, Bad, 10, 9
151, Good, 10, 3
467, Good, 10, 2
667.5, Good, 10, 4
667.5, Bad, 10, 6
684, Good, 10, 5
247, Good, 10, 5
247, Bad, 10, 3
247, Bad, 10, 7
483.5, Good, 10, 4
483.5, Bad, 10, 7
483.5, Bad, 10, 1
700.5, Good, 10, 6
700.5, Bad, 10, 9
700.5, Bad, 10, 3
369, Good, 10, 8
369, Bad, 10, 1
369, Bad, 10, 2
369, Bad, 10, 3
717, Good, 10, 6
717, Bad, 10, 4
683, Good, 10, 5
500, Good, 10, 5
500, Bad, 10, 7
500, Bad, 10, 1
198, Good, 10, 2
73, Good, 10, 1
73, Bad, 10, 4
750, Good, 10, 5
750, Bad, 10, 6
271, Good, 10, 5
758.25, Good, 10, 5
521, Good, 10, 1
521, Bad, 10, 4
560.5, Good, 10, 4
402, Good, 10, 9
402, Bad, 10, 8
402, Bad, 10, 4
402, Bad, 10, 7
149, Good, 10, 5
554, Good, 10, 6
554, Bad, 10, 7
554, Bad, 10, 4
554, Bad, 10, 1
304, Good, 10, 5
114, Good, 10, 8
44, Good, 10, 6
44, Bad, 10, 4
312.25, Good, 10, 5
435, Good, 10, 2
603.5, Good, 10, 2
603.5, Bad, 10, 7
603.5, Bad, 10, 8
603.5, Bad, 10, 9
620, Good, 10, 5
620, Bad, 10, 8
620, Bad, 10, 4
620, Bad, 10, 2
620, Bad, 10, 6
231, Good, 10, 5
231, Bad, 10, 2
231, Bad, 10, 4
231, Bad, 10, 6
231, Bad, 10, 8
162, Good, 10, 9
636.5, Good, 10, 5
636.5, Bad, 10, 1
636.5, Bad, 10, 9
337, Good, 10, 8
337, Bad, 10, 2
653, Good, 10, 1
653, Bad, 10, 9
468, Good, 10, 5
669.5, Good, 10, 2
669.5, Bad, 10, 8
65, Good, 10, 1
65, Bad, 10, 4
686, Good, 10, 5
484.5, Good, 10, 4
484.5, Bad, 10, 7
484.5, Bad, 10, 1
370, Good, 10, 5
133, Good, 10, 5
719, Good, 10, 8
719, Bad, 10, 2
501, Good, 10, 5
501, Bad, 10, 7
501, Bad, 10, 1
735.5, Bad, 10, 7
587, Good, 10, 3
587, Bad, 10, 7
587, Bad, 10, 4
587, Bad, 10, 8
569.5, Good, 10, 4
752, Good, 10, 8
752, Bad, 10, 4
272, Good, 10, 5
760.25, Good, 10, 5
523, Good, 10, 3
403, Good, 10, 6
403, Bad, 10, 9
403, Bad, 10, 8
539.5, Bad, 10, 6
556, Good, 10, 5
556, Bad, 10, 7
556, Bad, 10, 9
556, Bad, 10, 3
556, Bad, 10, 1
215, Good, 10, 4
305, Good, 10, 5
589, Good, 10, 5
589, Bad, 10, 7
589, Bad, 10, 9
589, Bad, 10, 1
589, Bad, 10, 3
313.25, Good, 10, 5
436, Good, 10, 5
166, Good, 10, 4
60.5, Good, 10, 6
60.5, Bad, 10, 4
392, Good, 10, 2
392, Bad, 10, 7
392, Bad, 10, 8
392, Bad, 10, 9
622, Good, 10, 5
622, Bad, 10, 8
622, Bad, 10, 4
622, Bad, 10, 2
622, Bad, 10, 6
630.25, Good, 10, 5
630.25, Bad, 10, 4
630.25, Bad, 10, 6
638.5, Good, 10, 8
638.5, Bad, 10, 2
338, Good, 10, 5
655, Good, 10, 7
655, Bad, 10, 3
469, Good, 10, 6
671.5, Good, 10, 8
671.5, Bad, 10, 7
671.5, Bad, 10, 9
688, Good, 10, 5
52, Good, 10, 5
98, Good, 10, 5
98, Bad, 10, 1
98, Bad, 10, 2
98, Bad, 10, 3
98, Bad, 10, 4
98, Bad, 10, 6
98, Bad, 10, 7
98, Bad, 10, 8
98, Bad, 10, 9
36, Good, 10, 4
36, Bad, 10, 6
704.5, Bad, 10, 9
371, Good, 10, 2
371, Bad, 10, 8
371, Bad, 10, 7
371, Bad, 10, 9
613.5, Bad, 10, 5
613.5, Bad, 10, 9
613.5, Bad, 10, 7
613.5, Bad, 10, 1
613.5, Bad, 10, 3
721, Good, 10, 4
721, Bad, 10, 6
502, Good, 10, 5
502, Bad, 10, 7
502, Bad, 10, 1
199, Good, 10, 2
387.5, Good, 10, 7
754, Good, 10, 5
754, Bad, 10, 6
273, Good, 10, 5
762.25, Good, 10, 5
525, Good, 10, 9
697.5, Good, 10, 2
697.5, Bad, 10, 1
697.5, Bad, 10, 3
404, Good, 10, 3
404, Bad, 10, 6
404, Bad, 10, 9
541.5, Bad, 10, 8
56.5, Good, 10, 2
56.5, Bad, 10, 8
558, Good, 10, 3
558, Bad, 10, 7
558, Bad, 10, 4
558, Bad, 10, 8
574.5, Good, 10, 8
574.5, Bad, 10, 1
574.5, Bad, 10, 2
574.5, Bad, 10, 3
306, Good, 10, 5
591, Good, 10, 7
591, Bad, 10, 6
591, Bad, 10, 3
591, Bad, 10, 2
437, Good, 10, 6
607.5, Bad, 10, 5
607.5, Bad, 10, 7
607.5, Bad, 10, 9
607.5, Bad, 10, 3
607.5, Bad, 10, 1
571, Good, 10, 8
571, Bad, 10, 1
571, Bad, 10, 2
571, Bad, 10, 3
624, Good, 10, 5
232, Good, 10, 5
232, Bad, 10, 2
232, Bad, 10, 4
232, Bad, 10, 6
232, Bad, 10, 8
90, Good, 10, 2
90, Bad, 10, 3
32, Good, 10, 8
32, Bad, 10, 2
640.5, Good, 10, 8
640.5, Bad, 10, 2
339, Good, 10, 2
339, Bad, 10, 8
657, Good, 10, 7
657, Bad, 10, 3
470, Good, 10, 5
673.5, Good, 10, 8
673.5, Bad, 10, 7
673.5, Bad, 10, 9
657.5, Good, 10, 4
657.5, Bad, 10, 6
486.5, Good, 10, 2
486.5, Bad, 10, 1
486.5, Bad, 10, 3
706.5, Bad, 10, 1
46, Good, 10, 5
372, Good, 10, 3
372, Bad, 10, 8
372, Bad, 10, 7
372, Bad, 10, 4
134, Good, 10, 2
52.5, Good, 10, 4
52.5, Bad, 10, 6
503, Good, 10, 5
503, Bad, 10, 1
503, Bad, 10, 3
517.5, Bad, 10, 6
745.5, Bad, 10, 9
756, Good, 10, 5
756, Bad, 10, 4
274, Good, 10, 5
106.5, Shield, 2
527, Good, 10, 7
405, Good, 10, 2
405, Bad, 10, 3
405, Bad, 10, 6
560, Good, 10, 5
560, Bad, 10, 4
560, Bad, 10, 1
560, Bad, 10, 2
216, Good, 10, 5
82, Good, 10, 2
82, Bad, 10, 3
30, Good, 10, 8
30, Bad, 10, 2
576.5, Good, 10, 2
576.5, Bad, 10, 9
576.5, Bad, 10, 8
576.5, Bad, 10, 7
501.5, Good, 10, 4
501.5, Bad, 10, 7
501.5, Bad, 10, 1
307, Good, 10, 5
593, Good, 10, 3
593, Bad, 10, 7
593, Bad, 10, 8
593, Bad, 10, 4
438, Good, 10, 5
167, Good, 10, 4
626, Good, 10, 5
331, Good, 10, 4
331, Bad, 10, 6
634.25, Good, 10, 5
634.25, Bad, 10, 4
634.25, Bad, 10, 6
642.5, Good, 10, 2
642.5, Bad, 10, 8
736.5, Bad, 10, 1
340, Good, 10, 1
340, Bad, 10, 9
123, Good, 10, 3
48.5, Good, 10, 8
48.5, Bad, 10, 2
47, Good, 10, 5
471, Good, 10, 8
675.5, Good, 10, 4
675.5, Bad, 10, 7
675.5, Bad, 10, 1
692, Good, 10, 5
249, Good, 10, 4
249, Bad, 10, 3
249, Bad, 10, 7
487.5, Good, 10, 2
487.5, Bad, 10, 1
487.5, Bad, 10, 3
708.5, Bad, 10, 9
373, Good, 10, 6
373, Bad, 10, 4
373, Bad, 10, 1
373, Bad, 10, 2
725, Good, 10, 6
725, Bad, 10, 4
40, Good, 10, 2
40, Bad, 10, 8
504, Good, 10, 5
504, Bad, 10, 1
504, Bad, 10, 3
200, Good, 10, 3
74, Good, 10, 2
74, Bad, 10, 1
28, Good, 10, 6
28, Bad, 10, 4
512.5, Good, 10, 8
512.5, Bad, 10, 5
758, Good, 10, 5
758, Bad, 10, 6
758, Bad, 10, 9
758, Bad, 10, 8
758, Bad, 10, 7
758, Bad, 10, 4
758, Bad, 10, 1
758, Bad, 10, 2
758, Bad, 10, 3
275, Good, 10, 5
529, Good, 10, 2
529, Bad, 10, 1
406, Good, 10, 1
406, Bad, 10, 2
406, Bad, 10, 3
545.5, Good, 10, 3
562, Good, 10, 9
562, Bad, 10, 4
562, Bad, 10, 1
562, Bad, 10, 2
388, Good, 10, 8
388, Bad, 10, 2
388, Bad, 10, 1
388, Bad, 10, 3
578.5, Good, 10, 8
578.5, Bad, 10, 1
578.5, Bad, 10, 2
578.5, Bad, 10, 3
308, Good, 10, 5
115, Good, 10, 7
595, Good, 10, 7
595, Bad, 10, 6
595, Bad, 10, 3
595, Bad, 10, 2
439, Good, 10, 5
611.5, Bad, 10, 5
611.5, Bad, 10, 7
611.5, Bad, 10, 9
611.5, Bad, 10, 3
611.5, Bad, 10, 1
628, Good, 10, 5
233, Good, 10, 5
233, Bad, 10, 2
233, Bad, 10, 4
233, Bad, 10, 6
233, Bad, 10, 8
636.25, Good, 10, 5
636.25, Bad, 10, 4
636.25, Bad, 10, 6
644.5, Good, 10, 2
644.5, Bad, 10, 8
341, Good, 10, 4
341, Bad, 10, 6
661, Good, 10, 3
661, Bad, 10, 7
472, Good, 10, 5
184, Good, 10, 3
605.5, Good, 10, 8
605.5, Bad, 10, 1
605.5, Bad, 10, 2
605.5, Bad, 10, 3
26, Good, 10, 6
26, Bad, 10, 4
694, Good, 10, 5
249.5, Good, 10, 5
488.5, Good, 10, 2
488.5, Bad, 10, 3
488.5, Bad, 10, 1
710.5, Bad, 10, 1
374, Good, 10, 5
135, Good, 10, 3
727, Good, 10, 6
727, Bad, 10, 4
505, Good, 10, 5
505, Bad, 10, 1
505, Bad, 10, 3
200.5, Good, 10, 6
514.5, Bad, 10, 4
760, Good, 10, 5
276, Good, 10, 5
107, Good, 10, 5
107, Bad, 10, 1
107, Bad, 10, 3
107, Bad, 10, 7
107, Bad, 10, 9
531, Good, 10, 6
182, Good, 10, 1
407, Good, 10, 4
407, Bad, 10, 1
407, Bad, 10, 2
564, Good, 10, 5
564, Bad, 10, 8
564, Bad, 10, 7
564, Bad, 10, 4
217, Good, 10, 6
580.5, Good, 10, 4
580.5, Bad, 10, 6
580.5, Bad, 10, 9
580.5, Bad, 10, 3
309, Good, 10, 5
597, Good, 10, 3
597, Bad, 10, 8
597, Bad, 10, 7
597, Bad, 10, 4
440, Good, 10, 5
168, Good, 10, 1
61, Good, 10, 5
24, Good, 10, 2
24, Bad, 10, 8
630, Good, 10, 5
630, Bad, 10, 7
630, Bad, 10, 3
646.5, Good, 10, 8
646.5, Bad, 10, 2
493.5, Good, 10, 6
493.5, Bad, 10, 9
493.5, Bad, 10, 3
342, Good, 10, 5
663, Good, 10, 7
663, Bad, 10, 3
473, Good, 10, 4
679.5, Good, 10, 2
679.5, Bad, 10, 1
679.5, Bad, 10, 3
696, Good, 10, 5
250, Good, 10, 6
99, Good, 10, 5
99, Bad, 10, 1
99, Bad, 10, 2
99, Bad, 10, 3
99, Bad, 10, 4
99, Bad, 10, 6
99, Bad, 10, 7
99, Bad, 10, 8
99, Bad, 10, 9
489.5, Good, 10, 2
489.5, Bad, 10, 1
489.5, Bad, 10, 3
712.5, Bad, 10, 7
375, Good, 10, 4
375, Bad, 10, 9
375, Bad, 10, 6
375, Bad, 10, 3
729, Good, 10, 4
729, Bad, 10, 6
506, Good, 10, 5
506, Bad, 10, 1
506, Bad, 10, 3
201, Good, 10, 5
432, Good, 10, 5
762, Good, 10, 5
762, Bad, 10, 7
762, Bad, 10, 8
762, Bad, 10, 9
762, Bad, 10, 6
762, Bad, 10, 3
762, Bad, 10, 2
762, Bad, 10, 1
762, Bad, 10, 4
277, Good, 10, 5
533, Good, 10, 8
397, Good, 10, 3
397, Bad, 10, 7
397, Bad, 10, 8
397, Bad, 10, 9
408, Good, 10, 7
408, Bad, 10, 4
408, Bad, 10, 1
525.5, Bad, 10, 9
57, Good, 10, 5
22, Good, 10, 2
22, Bad, 10, 8
566, Good, 10, 1
566, Bad, 10, 8
566, Bad, 10, 9
566, Bad, 10, 6
582.5, Good, 10, 2
582.5, Bad, 10, 8
582.5, Bad, 10, 7
582.5, Bad, 10, 9
310, Good, 10, 5
599, Good, 10, 5
599, Bad, 10, 7
599, Bad, 10, 9
599, Bad, 10, 3
599, Bad, 10, 1
309.5, Good, 10, 5
441, Good, 10, 5
168.5, Good, 10, 2
693.5, Good, 10, 4
693.5, Bad, 10, 7
693.5, Bad, 10, 1
632, Good, 10, 5
632, Bad, 10, 7
632, Bad, 10, 3
234, Good, 10, 5
234, Bad, 10, 4
234, Bad, 10, 6
91, Good, 10, 1
91, Bad, 10, 2
648.5, Good, 10, 8
648.5, Bad, 10, 2
343, Good, 10, 6
343, Bad, 10, 4
665, Good, 10, 7
665, Bad, 10, 3
553.5, Good, 10, 6
474, Good, 10, 5
681.5, Good, 10, 2
681.5, Bad, 10, 1
681.5, Bad, 10, 3
698, Good, 10, 5
490.5, Good, 10, 6
490.5, Bad, 10, 9
490.5, Bad, 10, 3
714.5, Bad, 10, 3
376, Good, 10, 1
376, Bad, 10, 8
376, Bad, 10, 9
376, Bad, 10, 6
136, Good, 10, 6
53, Good, 10, 5
20, Good, 10, 4
20, Bad, 10, 6
507, Good, 10, 5
507, Bad, 10, 9
507, Bad, 10, 3
747.5, Bad, 10, 1
55, Good, 10, 5
392.5, Good, 10, 1
518.5, Bad, 10, 9
764, Good, 10, 5
278, Good, 10, 5
535, Good, 10, 4
409, Good, 10, 8
409, Bad, 10, 7
409, Bad, 10, 4
568, Good, 10, 3
568, Bad, 10, 8
568, Bad, 10, 7
568, Bad, 10, 4
218, Good, 10, 3
83, Good, 10, 1
83, Bad, 10, 2
584.5, Good, 10, 8
584.5, Bad, 10, 1
584.5, Bad, 10, 2
584.5, Bad, 10, 3
595.5, Good, 10, 4
595.5, Bad, 10, 9
595.5, Bad, 10, 6
595.5, Bad, 10, 3
311, Good, 10, 5
601, Good, 10, 5
601, Bad, 10, 7
601, Bad, 10, 9
601, Bad, 10, 3
601, Bad, 10, 1
442, Good, 10, 5
169, Good, 10, 3
634, Good, 10, 5
634, Bad, 10, 7
634, Bad, 10, 3
196, Good, 10, 4
597.5, Good, 10, 6
597.5, Bad, 10, 7
597.5, Bad, 10, 4
597.5, Bad, 10, 1
458.5, Good, 10, 2
650.5, Good, 10, 4
650.5, Bad, 10, 6
344, Good, 10, 3
344, Bad, 10, 7
124, Good, 10, 2
667, Good, 10, 7
667, Bad, 10, 3
18, Good, 10, 4
18, Bad, 10, 6
475, Good, 10, 2
683.5, Good, 10, 6
683.5, Bad, 10, 9
683.5, Bad, 10, 3
700, Good, 10, 5
251, Good, 10, 5
491.5, Good, 10, 6
491.5, Bad, 10, 9
491.5, Bad, 10, 3
716.5, Bad, 10, 7
741.5, Bad, 10, 3
377, Good, 10, 2
377, Bad, 10, 7
377, Bad, 10, 8
377, Bad, 10, 9
733, Good, 10, 8
733, Bad, 10, 2
180, Good, 10, 7
508, Good, 10, 5
508, Bad, 10, 9
508, Bad, 10, 3
749.5, Bad, 10, 9
75, Good, 10, 3
75, Bad, 10, 2
520.5, Good, 10, 4
520.5, Bad, 10, 7
766, Good, 10, 5
766, Bad, 10, 9
766, Bad, 10, 8
766, Bad, 10, 7
766, Bad, 10, 4
766, Bad, 10, 1
766, Bad, 10, 2
766, Bad, 10, 3
766, Bad, 10, 6
279, Good, 10, 5
537, Good, 10, 2
145, Good, 10, 5
410, Good, 10, 5
410, Bad, 10, 8
410, Bad, 10, 7
153, Good, 10, 5
570, Good, 10, 7
570, Bad, 10, 4
570, Bad, 10, 1
570, Bad, 10, 2
2.5, Bad, 10, 8
2.5, Bad, 10, 4
2.5, Bad, 10, 6
2.5, Bad, 10, 2
630.75, Good, 10, 5
630.75, Bad, 10, 8
630.75, Bad, 10, 2
426.5, Good, 10, 2
586.5, Good, 10, 6
586.5, Bad, 10, 7
586.5, Bad, 10, 4
586.5, Bad, 10, 1
312, Good, 10, 5
116, Good, 10, 8
603, Good, 10, 5
603, Bad, 10, 7
603, Bad, 10, 9
603, Bad, 10, 3
603, Bad, 10, 1
659, Good, 10, 3
659, Bad, 10, 7
641.5, Good, 10, 4
641.5, Bad, 10, 6
443, Good, 10, 5
619.5, Bad, 10, 5
619.5, Bad, 10, 7
619.5, Bad, 10, 9
619.5, Bad, 10, 3
619.5, Bad, 10, 1
636, Good, 10, 5
636, Bad, 10, 7
636, Bad, 10, 3
235, Good, 10, 5
235, Bad, 10, 4
235, Bad, 10, 6
459.5, Good, 10, 2
652.5, Good, 10, 4
652.5, Bad, 10, 6
345, Good, 10, 2
345, Bad, 10, 8
669, Good, 10, 3
669, Bad, 10, 7
155, Good, 10, 9
476, Good, 10, 5
186, Good, 10, 9
67, Good, 10, 3
67, Bad, 10, 2
84, Good, 10, 4
84, Bad, 10, 1
702, Good, 10, 5
702, Bad, 10, 9
702, Bad, 10, 8
702, Bad, 10, 7
702, Bad, 10, 4
702, Bad, 10, 1
702, Bad, 10, 2
702, Bad, 10, 3
702, Bad, 10, 6
492.5, Good, 10, 6
492.5, Bad, 10, 9
492.5, Bad, 10, 3
718.5, Bad, 10, 3
378, Good, 10, 5
137, Good, 10, 5
735, Good, 10, 5
735, Bad, 10, 8
393, Good, 10, 2
393, Bad, 10, 7
393, Bad, 10, 8
393, Bad, 10, 9
509, Good, 10, 5
509, Bad, 10, 9
509, Bad, 10, 3
751.5, Bad, 10, 1
759.75, Good, 10, 5
522.5, Bad, 10, 2
45, Good, 10, 5
280, Good, 10, 5
108, Good, 10, 5
108, Bad, 10, 1
108, Bad, 10, 3
108, Bad, 10, 7
108, Bad, 10, 9
41, Good, 10, 5
15, Good, 10, 5
411, Good, 10, 5
411, Bad, 10, 8
755.5, Bad, 10, 7
305.5, Good, 10, 5
720.5, Bad, 10, 3
572, Good, 10, 9
572, Bad, 10, 2
572, Bad, 10, 1
572, Bad, 10, 4
219, Good, 10, 3
427.5, Good, 10, 2
588.5, Good, 10, 4
588.5, Bad, 10, 9
588.5, Bad, 10, 6
588.5, Bad, 10, 3
313, Good, 10, 5
605, Good, 10, 5
605, Bad, 10, 7
605, Bad, 10, 9
605, Bad, 10, 3
605, Bad, 10, 1
615.5, Bad, 10, 5
615.5, Bad, 10, 7
615.5, Bad, 10, 9
615.5, Bad, 10, 3
615.5, Bad, 10, 1
444, Good, 10, 5
170, Good, 10, 6
638, Bad, 10, 9
638, Bad, 10, 8
638, Bad, 10, 7
638, Bad, 10, 4
638, Bad, 10, 1
638, Bad, 10, 2
638, Bad, 10, 3
638, Bad, 10, 6
638, DoubleMult, 5
402.5, Bad, 10, 7
402.5, Bad, 10, 8
460.5, Good, 10, 2
654.5, Good, 10, 8
654.5, Bad, 10, 2
346, Good, 10, 5
671, Good, 10, 5
202, Good, 10, 4
477, Good, 10, 6
687.5, Good, 10, 8
687.5, Bad, 10, 9
687.5, Bad, 10, 7
704, Good, 10, 5
704, Bad, 10, 6
252, Good, 10, 8
100, Good, 10, 5
100, Bad, 10, 1
100, Bad, 10, 2
100, Bad, 10, 3
100, Bad, 10, 4
100, Bad, 10, 6
100, Bad, 10, 7
100, Bad, 10, 8
100, Bad, 10, 9
37, Good, 10, 5
14, Good, 10, 8
14, Bad, 10, 2
685.5, Good, 10, 6
685.5, Bad, 10, 9
685.5, Bad, 10, 3
379, Good, 10, 8
379, Bad, 10, 1
379, Bad, 10, 2
379, Bad, 10, 3
737, Good, 10, 5
737, Bad, 10, 2
510, Good, 10, 5
510, Bad, 10, 9
510, Bad, 10, 3
510, Bad, 10, 7
510, Bad, 10, 1
203, Good, 10, 7
761.75, Good, 10, 5
524.5, Bad, 10, 6
528.5, Good, 10, 1
528.5, Bad, 10, 4
281, Good, 10, 5
541, Good, 10, 8
412, Good, 10, 5
412, Bad, 10, 8
412, Bad, 10, 7
412, Bad, 10, 4
412, Bad, 10, 1
412, Bad, 10, 2
412, Bad, 10, 3
412, Bad, 10, 6
412, Bad, 10, 9
154, Good, 10, 8
57.5, Good, 10, 6
57.5, Bad, 10, 4
574, Bad, 10, 9
574, Bad, 10, 8
574, Bad, 10, 4
574, Bad, 10, 7
574, Bad, 10, 1
574, Bad, 10, 2
574, Bad, 10, 3
574, Bad, 10, 6
574, Good, 10, 5
305.75, Good, 10, 5
428.5, Good, 10, 2
590.5, Good, 10, 8
590.5, Bad, 10, 1
590.5, Bad, 10, 2
590.5, Bad, 10, 3
314, Bad, 10, 9
314, Bad, 10, 7
314, Bad, 10, 1
314, Bad, 10, 3
314, Bad, 10, 2
314, Bad, 10, 4
314, Bad, 10, 6
314, Bad, 10, 8
314, Shield, 5
607, Bad, 10, 8
607, Bad, 10, 6
607, Bad, 10, 4
607, Bad, 10, 2
607, Good, 10, 5
445, Good, 10, 5
623.5, Good, 10, 4
623.5, Bad, 10, 6
631.75, Good, 10, 5
631.75, Bad, 10, 8
631.75, Bad, 10, 2
640, Good, 10, 5
236, Good, 10, 5
236, Bad, 10, 4
236, Bad, 10, 6
92, Good, 10, 4
92, Bad, 10, 1
632.25, Good, 10, 5
632.25, Bad, 10, 4
632.25, Bad, 10, 6
656.5, Good, 10, 8
656.5, Bad, 10, 2
347, Good, 10, 8
347, Bad, 10, 2
673, Good, 10, 5
33, Good, 10, 5
478, Good, 10, 5
187, Good, 10, 9
178, Good, 10, 9
706, Good, 10, 5
706, Bad, 10, 4
494.5, Good, 10, 8
494.5, Bad, 10, 7
494.5, Bad, 10, 9
722.5, Bad, 10, 7
380, Good, 10, 9
380, Bad, 10, 4
380, Bad, 10, 1
380, Bad, 10, 2
138, Good, 10, 8
53.5, Good, 10, 2
53.5, Bad, 10, 8
511, Good, 10, 5
511, Bad, 10, 7
511, Bad, 10, 9
511, Bad, 10, 3
511, Bad, 10, 1
203.5, Good, 10, 8
332, Good, 10, 1
332, Bad, 10, 9
763.75, Good, 10, 5
526.5, Bad, 10, 8
177, Good, 10, 6
282, Good, 10, 5
543, Good, 10, 5
413, Good, 10, 5
576, Good, 10, 1
576, Bad, 10, 9
576, Bad, 10, 6
576, Bad, 10, 8
616, Good, 10, 5
616, Bad, 10, 8
616, Bad, 10, 4
616, Bad, 10, 2
616, Bad, 10, 6
306.75, Good, 10, 5
429.5, Good, 10, 2
12, Good, 10, 5
643.5, Good, 10, 6
643.5, Bad, 10, 4
609, Good, 10, 5
609, Bad, 10, 8
609, Bad, 10, 4
609, Bad, 10, 6
609, Bad, 10, 2
446, Good, 10, 5
171, Good, 10, 9
633.75, Good, 10, 5
633.75, Bad, 10, 8
633.75, Bad, 10, 2
642, Good, 10, 5
658.5, Good, 10, 6
658.5, Bad, 10, 4
348, Good, 10, 7
348, Bad, 10, 3
125, Good, 10, 1
675, Good, 10, 5
479, Good, 10, 5
479, Bad, 10, 7
479, Bad, 10, 9
171.5, Good, 10, 8
708, Good, 10, 5
708, Bad, 10, 8
253, Good, 10, 5
495.5, Good, 10, 8
495.5, Bad, 10, 7
495.5, Bad, 10, 9
724.5, Bad, 10, 7
381, Good, 10, 6
381, Bad, 10, 7
381, Bad, 10, 4
381, Bad, 10, 1
741, Good, 10, 5
741, Bad, 10, 2
512, Good, 10, 5
512, Bad, 10, 7
512, Bad, 10, 9
512, Bad, 10, 3
512, Bad, 10, 1
204, Good, 10, 9
76, Good, 10, 6
76, Bad, 10, 3
765.75, Good, 10, 5
11, Good, 10, 5
11, Bad, 10, 7
11, Bad, 10, 8
11, Bad, 10, 9
11, Bad, 10, 6
11, Bad, 10, 3
11, Bad, 10, 2
11, Bad, 10, 1
11, Bad, 10, 4
283, Good, 10, 5
545, Good, 10, 6
545, Bad, 10, 4
545, Bad, 10, 1
545, Bad, 10, 2
414, Good, 10, 5
561.5, Good, 10, 8
578, Good, 10, 9
578, Bad, 10, 1
578, Bad, 10, 4
578, Bad, 10, 2
307.75, Good, 10, 5
594.5, Good, 10, 8
594.5, Bad, 10, 1
594.5, Bad, 10, 2
594.5, Bad, 10, 3
117, Good, 10, 9
45.5, Good, 10, 8
45.5, Bad, 10, 2
447, Good, 10, 8
627.5, Good, 10, 4
627.5, Bad, 10, 6
46.5, Good, 10, 8
46.5, Bad, 10, 2
635.75, Good, 10, 5
635.75, Bad, 10, 8
635.75, Bad, 10, 2
644, Good, 10, 5
237, Good, 10, 5
237, Bad, 10, 4
237, Bad, 10, 6
395.5, Good, 10, 1
660.5, Good, 10, 6
660.5, Bad, 10, 4
349, Good, 10, 4
349, Bad, 10, 6
677, Good, 10, 5
480, Good, 10, 5
480, Bad, 10, 7
480, Bad, 10, 9
188, Good, 10, 8
68, Good, 10, 6
68, Bad, 10, 3
10, Good, 10, 5
10, Bad, 10, 8
10, Bad, 10, 4
10, Bad, 10, 6
10, Bad, 10, 2
10, Bad, 10, 7
10, Bad, 10, 9
10, Bad, 10, 3
10, Bad, 10, 1
710, Good, 10, 5
710, Bad, 10, 2
496.5, Good, 10, 8
496.5, Bad, 10, 7
496.5, Bad, 10, 9
726.5, Bad, 10, 1
382, DoubleMult, 5
139, Good, 10, 9
743, Good, 10, 5
743, Bad, 10, 2
751.25, Good, 10, 8
514, Good, 10, 4
759.5, Good, 10, 5
530.5, Bad, 10, 3
284, Good, 10, 5
109, Good, 10, 5
109, Bad, 10, 1
109, Bad, 10, 3
109, Bad, 10, 7
109, Bad, 10, 9
547, Good, 10, 2
547, Bad, 10, 8
547, Bad, 10, 7
547, Bad, 10, 4
415, Good, 10, 8
174, Good, 10, 1
222, Good, 10, 5
222, Bad, 10, 1
222, Bad, 10, 2
222, Bad, 10, 3
222, Bad, 10, 4
222, Bad, 10, 6
222, Bad, 10, 7
222, Bad, 10, 8
222, Bad, 10, 9
580, Good, 10, 1
580, Bad, 10, 9
580, Bad, 10, 8
580, Bad, 10, 6
221, Good, 10, 2
308.75, Good, 10, 5
596.5, Good, 10, 2
596.5, Bad, 10, 7
596.5, Bad, 10, 8
596.5, Bad, 10, 9
485.5, Good, 10, 4
485.5, Bad, 10, 7
485.5, Bad, 10, 1
613, Good, 10, 5
613, Bad, 10, 8
613, Bad, 10, 4
613, Bad, 10, 2
613, Bad, 10, 6
448, Good, 10, 9
629.5, Good, 10, 6
629.5, Bad, 10, 4
62, Good, 10, 8
62, Bad, 10, 5
637.75, Good, 10, 5
637.75, Bad, 10, 8
637.75, Bad, 10, 2
9, Good, 10, 5
9, Bad, 10, 7
9, Bad, 10, 9
9, Bad, 10, 3
9, Bad, 10, 1
646, Good, 10, 5
662.5, Good, 10, 8
662.5, Bad, 10, 2
350, Good, 10, 5
350, Bad, 10, 8
350, Bad, 10, 7
350, Bad, 10, 4
350, Bad, 10, 1
350, Bad, 10, 2
350, Bad, 10, 3
350, Bad, 10, 6
350, Bad, 10, 9
13, Good, 10, 5
679, Good, 10, 5
709.5, Bad, 10, 3
481, Good, 10, 5
481, Bad, 10, 7
481, Bad, 10, 9
695.5, Good, 10, 2
695.5, Bad, 10, 1
695.5, Bad, 10, 3
712, Good, 10, 5
712, Bad, 10, 4
254, Good, 10, 2
101, Good, 10, 5
101, Bad, 10, 1
101, Bad, 10, 3
101, Bad, 10, 6
101, Bad, 10, 8
497.5, Good, 10, 8
497.5, Bad, 10, 7
497.5, Bad, 10, 9
728.5, Bad, 10, 9
383, Shield, 5
745, Good, 10, 5
745, Bad, 10, 8
753.25, Good, 10, 5
516, Good, 10, 3
516, Bad, 10, 2
205, Good, 10, 6
643, Good, 10, 3
643, Bad, 10, 7
532.5, Bad, 10, 9
625.5, Good, 10, 6
625.5, Bad, 10, 4
608, Good, 10, 5
608, Bad, 10, 8
608, Bad, 10, 4
608, Bad, 10, 6
608, Bad, 10, 2
549, Good, 10, 1
549, Bad, 10, 8
549, Bad, 10, 9
549, Bad, 10, 6
573, Good, 10, 6
573, Bad, 10, 7
573, Bad, 10, 4
573, Bad, 10, 1
416, Good, 10, 7
156, Good, 10, 6
58, Good, 10, 5
301.5, Good, 10, 8
8, Good, 10, 5
8, Bad, 10, 7
8, Bad, 10, 1
8, Bad, 10, 9
8, Bad, 10, 3
582, Good, 10, 5
582, Bad, 10, 7
582, Bad, 10, 9
582, Bad, 10, 3
582, Bad, 10, 1
309.75, Good, 10, 5
598.5, Good, 10, 8
598.5, Bad, 10, 2
598.5, Bad, 10, 3
598.5, Bad, 10, 1
181, Good, 10, 4
318, Good, 10, 5
318, Bad, 10, 9
318, Bad, 10, 8
318, Bad, 10, 7
318, Bad, 10, 4
318, Bad, 10, 1
318, Bad, 10, 2
318, Bad, 10, 3
318, Bad, 10, 6
723, Good, 10, 2
723, Bad, 10, 8
615, Good, 10, 5
615, Bad, 10, 8
615, Bad, 10, 4
615, Bad, 10, 2
615, Bad, 10, 6
449, Good, 10, 6
631.5, Good, 10, 5
631.5, Bad, 10, 1
631.5, Bad, 10, 9
753, Good, 10, 4
753, Bad, 10, 8
648, Good, 10, 5
238, Good, 10, 5
238, Bad, 10, 2
238, Bad, 10, 8
93, Good, 10, 7
93, Bad, 10, 4
16, Good, 10, 8
16, Bad, 10, 2
664.5, Good, 10, 8
664.5, Bad, 10, 2
351, Good, 10, 2
351, Bad, 10, 8
351, Bad, 10, 7
351, Bad, 10, 9
152, Good, 10, 2
482, Good, 10, 5
482, Bad, 10, 7
482, Bad, 10, 9
189, Good, 10, 8
714, Good, 10, 5
714, Bad, 10, 6
739.5, Bad, 10, 7
498.5, Good, 10, 4
498.5, Bad, 10, 7
498.5, Bad, 10, 1
730.5, Bad, 10, 9
384, Good, 10, 5
384, Bad, 10, 1
384, Bad, 10, 2
384, Bad, 10, 3
140, Good, 10, 6
747, Good, 10, 5
747, Bad, 10, 2
647.5, Good, 10, 6
647.5, Bad, 10, 4
755.25, Good, 10, 2
518, Good, 10, 9
763.5, Good, 10, 5
400.5, Good, 10, 7
400.5, Bad, 10, 4
534.5, Bad, 10, 7
185, Good, 10, 6
286, Good, 10, 4
551, Good, 10, 4
551, Bad, 10, 6
551, Bad, 10, 3
551, Bad, 10, 2
529.5, Bad, 10, 2
417, Good, 10, 4
302.5, Good, 10, 4
584, Good, 10, 9
584, Bad, 10, 1
584, Bad, 10, 4
584, Bad, 10, 2
752.75, Good, 10, 5
85, Good, 10, 7
85, Bad, 10, 4
600.5, Good, 10, 6
600.5, Bad, 10, 4
600.5, Bad, 10, 7
600.5, Bad, 10, 1
319, Good, 10, 8
319, Bad, 10, 2
617, Good, 10, 5
617, Bad, 10, 8
617, Bad, 10, 4
617, Bad, 10, 2
617, Bad, 10, 6
450, Good, 10, 3
633.5, Good, 10, 5
633.5, Bad, 10, 1
633.5, Bad, 10, 9
650, Good, 10, 5
666.5, Good, 10, 8
666.5, Bad, 10, 2
352, Good, 10, 3
352, Bad, 10, 8
352, Bad, 10, 7
352, Bad, 10, 4
126, Good, 10, 4
50, Good, 10, 5
7, Good, 10, 5
7, Bad, 10, 7
7, Bad, 10, 9
7, Bad, 10, 3
7, Bad, 10, 1
483, Good, 10, 5
483, Bad, 10, 7
483, Bad, 10, 1
699.5, Good, 10, 6
699.5, Bad, 10, 9
699.5, Bad, 10, 3
310.75, Good, 10, 5
731, Good, 10, 2
731, Bad, 10, 8
716, Good, 10, 5
716, Bad, 10, 8
255, Good, 10, 5
499.5, Good, 10, 4
499.5, Bad, 10, 7
499.5, Bad, 10, 1
732.5, Bad, 10, 1
385, Good, 10, 8
385, Bad, 10, 1
385, Bad, 10, 2
385, Bad, 10, 3
749, Good, 10, 5
749, Bad, 10, 8
757.25, Good, 10, 6
520, Good, 10, 7
765.5, Good, 10, 5
77, Good, 10, 9
77, Bad, 10, 6
401.5, Bad, 10, 4
401.5, Bad, 10, 7
536.5, Bad, 10, 1
287, Good, 10, 4
553, Good, 10, 9
553, Bad, 10, 4
553, Bad, 10, 1
553, Bad, 10, 2
418, Good, 10, 1
157, Good, 10, 5
303.5, Good, 10, 6
586, Good, 10, 5
586, Bad, 10, 7
586, Bad, 10, 9
586, Bad, 10, 3
586, Bad, 10, 1
311.75, Good, 10, 5
602.5, Good, 10, 4
602.5, Bad, 10, 9
602.5, Bad, 10, 6
602.5, Bad, 10, 3
320, Good, 10, 7
320, Bad, 10, 3
118, Good, 10, 6
619, Good, 10, 5
619, Bad, 10, 4
619, Bad, 10, 8
619, Bad, 10, 2
619, Bad, 10, 6
6.5, Bad, 10, 7
6.5, Bad, 10, 9
6.5, Bad, 10, 3
6.5, Bad, 10, 1
451, Good, 10, 2
635.5, Good, 10, 5
635.5, Bad, 10, 1
635.5, Bad, 10, 9
652, Good, 10, 5
239, Good, 10, 5
239, Bad, 10, 2
239, Bad, 10, 8
668.5, Good, 10, 6
668.5, Bad, 10, 4
353, Good, 10, 6
353, Bad, 10, 4
353, Bad, 10, 1
353, Bad, 10, 2
685, Good, 10, 5
757.5, Bad, 10, 3
484, Good, 10, 5
484, Bad, 10, 7
484, Bad, 10, 1
701.5, Good, 10, 6
701.5, Bad, 10, 9
701.5, Bad, 10, 3
69, Good, 10, 9
69, Bad, 10, 6
718, Good, 10, 5
718, Bad, 10, 2
500.5, Good, 10, 4
500.5, Bad, 10, 7
500.5, Bad, 10, 1
734.5, Bad, 10, 9
617.5, Bad, 10, 5
617.5, Bad, 10, 7
617.5, Bad, 10, 9
617.5, Bad, 10, 3
617.5, Bad, 10, 1
386, Good, 10, 9
386, Bad, 10, 1
386, Bad, 10, 2
386, Bad, 10, 3
141, Good, 10, 5
751, Good, 10, 5
751, Bad, 10, 2
759.25, Good, 10, 5
522, Good, 10, 2
739, Good, 10, 5
739, Bad, 10, 8
538.5, Bad, 10, 3
220, Good, 10, 2
288, Good, 10, 7
110, Good, 10, 4
42, Good, 10, 6
42, Bad, 10, 4
516.5, Bad, 10, 3
6, Good, 10, 5
6, Bad, 10, 7
6, Bad, 10, 9
6, Bad, 10, 3
6, Bad, 10, 1
419, Good, 10, 2
190, Good, 10, 5
304.5, Good, 10, 2
588, Good, 10, 1
588, Bad, 10, 8
588, Bad, 10, 9
588, Bad, 10, 6
223, Good, 10, 5
223, Bad, 10, 1
223, Bad, 10, 2
223, Bad, 10, 3
223, Bad, 10, 4
223, Bad, 10, 6
223, Bad, 10, 7
223, Bad, 10, 8
223, Bad, 10, 9
312.75, Good, 10, 5
160, Good, 10, 4
321, Good, 10, 4
321, Bad, 10, 6
29, Good, 10, 5
621, Good, 10, 5
621, Bad, 10, 8
621, Bad, 10, 4
621, Bad, 10, 2
621, Bad, 10, 6
604.5, Good, 10, 6
604.5, Bad, 10, 7
604.5, Bad, 10, 4
604.5, Bad, 10, 1
452, Good, 10, 1
637.5, Good, 10, 5
637.5, Bad, 10, 1
637.5, Bad, 10, 9
150, Good, 10, 6
733.5, Bad, 10, 3
654, Good, 10, 5
691, Good, 10, 5
670.5, Good, 10, 8
670.5, Bad, 10, 7
670.5, Bad, 10, 9
390, Good, 10, 8
390, Bad, 10, 1
390, Bad, 10, 2
390, Bad, 10, 3
354, Good, 10, 5
687, Good, 10, 5
485, Good, 10, 5
485, Bad, 10, 7
485, Bad, 10, 1
703.5, Bad, 10, 3
720, Good, 10, 5
720, Bad, 10, 2
256, Good, 10, 5
762.75, Good, 10, 5
38, Good, 10, 2
38, Bad, 10, 8
753.5, Bad, 10, 9
5.5, Bad, 10, 8
5.5, Bad, 10, 4
5.5, Bad, 10, 2
5.5, Bad, 10, 6
387, Good, 10, 8
387, Bad, 10, 1
387, Bad, 10, 2
387, Bad, 10, 3
539, Good, 10, 6
7.5, Bad, 10, 7
7.5, Bad, 10, 9
7.5, Bad, 10, 3
7.5, Bad, 10, 1
761.25, Good, 10, 5
524, Good, 10, 6
207, Good, 10, 5
403.5, Bad, 10, 8
403.5, Bad, 10, 9
540.5, Bad, 10, 9
737.5, Bad, 10, 3
289, Good, 10, 7
557, Good, 10, 2
557, Bad, 10, 7
557, Bad, 10, 8
557, Bad, 10, 9
583.5, Good, 10, 6
583.5, Bad, 10, 7
583.5, Bad, 10, 4
583.5, Bad, 10, 1
420, Good, 10, 3
158, Good, 10, 5
58.5, Good, 10, 6
58.5, Bad, 10, 4
721.5, Bad, 10, 9
590, Good, 10, 9
590, Bad, 10, 4
590, Bad, 10, 1
590, Bad, 10, 2
313.75, Good, 10, 5
606.5, Bad, 10, 5
606.5, Bad, 10, 7
606.5, Bad, 10, 9
606.5, Bad, 10, 3
606.5, Bad, 10, 1
161, Good, 10, 8
322, Good, 10, 5
705.5, Bad, 10, 7
623, Good, 10, 5
611, Good, 10, 5
611, Bad, 10, 4
611, Bad, 10, 2
611, Bad, 10, 6
611, Bad, 10, 8
631.25, Good, 10, 5
631.25, Bad, 10, 4
631.25, Bad, 10, 6
27, Good, 10, 5
639.5, Good, 10, 4
639.5, Bad, 10, 6
333, Good, 10, 2
333, Bad, 10, 8
656, Good, 10, 5
240, Good, 10, 5
240, Bad, 10, 2
240, Bad, 10, 8
94, Good, 10, 8
94, Bad, 10, 7
34, Good, 10, 4
34, Bad, 10, 6
672.5, Good, 10, 8
672.5, Bad, 10, 7
672.5, Bad, 10, 9
5, Good, 10, 5
5, Bad, 10, 8
5, Bad, 10, 2
5, Bad, 10, 4
5, Bad, 10, 6
355, Good, 10, 4
355, Bad, 10, 9
355, Bad, 10, 6
355, Bad, 10, 3
689, Good, 10, 5
486, Good, 10, 5
486, Bad, 10, 7
486, Bad, 10, 1
191, Good, 10, 5
722, Good, 10, 5
722, Bad, 10, 8
257, Good, 10, 5
502.5, Good, 10, 2
502.5, Bad, 10, 1
502.5, Bad, 10, 3
713.5, Bad, 10, 9
248, Good, 10, 5
248, Bad, 10, 3
248, Bad, 10, 7
142, Good, 10, 4
755, Good, 10, 5
755, Bad, 10, 8
763.25, Good, 10, 5
526, Good, 10, 8
691.5, Good, 10, 4
691.5, Bad, 10, 7
691.5, Bad, 10, 1
404.5, Bad, 10, 9
404.5, Bad, 10, 6
761.5, Good, 10, 5
290, Good, 10, 8
559, Good, 10, 6
559, Bad, 10, 7
559, Bad, 10, 4
559, Bad, 10, 1
421, Good, 10, 6
575.5, Good, 10, 4
575.5, Bad, 10, 6
575.5, Bad, 10, 9
575.5, Bad, 10, 3
306.5, Good, 10, 5
592, Good, 10, 1
592, Bad, 10, 8
592, Bad, 10, 9
592, Bad, 10, 6
224, Good, 10, 5
224, Bad, 10, 1
224, Bad, 10, 2
224, Bad, 10, 3
224, Bad, 10, 4
224, Bad, 10, 6
224, Bad, 10, 7
224, Bad, 10, 8
224, Bad, 10, 9
86, Good, 10, 8
86, Bad, 10, 7
31, Good, 10, 5
608.5, Bad, 10, 5
608.5, Bad, 10, 7
608.5, Bad, 10, 9
608.5, Bad, 10, 3
608.5, Bad, 10, 1
4.5, Bad, 10, 8
4.5, Bad, 10, 2
4.5, Bad, 10, 4
4.5, Bad, 10, 6
323, Good, 10, 6
323, Bad, 10, 4
625, Good, 10, 5
633.25, Good, 10, 5
633.25, Bad, 10, 4
633.25, Bad, 10, 6
454, Good, 10, 7
